 0.0 -3.1197 -6.2613  9.8407  6.6991
 0.5 -7.9294 -11.0710  14.2204  11.0788
 1.0 -11.4876 -14.6292  17.1566  14.0150
 1.5 -13.3615 -16.5031  18.2920  15.1504
 2.0 -13.3230 -16.4646  17.4886  14.3470
 2.5 -11.3768 -14.5184  14.8440  11.7024
 3.0 -7.7598 -10.9014  10.6800  7.5384
 3.5 -2.9119 -6.0535  5.5033  2.3617
 4.0  2.5769 -0.5647 -0.0564 -3.1979
 4.5  8.0389  4.8973 -5.3225 -8.4640
 5.0  12.8095  9.6679 -9.6543 -12.7959
 5.5  16.3082  13.1666 -12.5248 -15.6664
 6.0  18.1094  14.9678 -13.5848 -16.7264
 6.5  17.9939  14.8523 -12.7053 -15.8468
 7.0  15.9758  12.8342 -9.9932 -13.1348
 7.5  12.3006  9.1590 -5.7786 -8.9202
 8.0  7.4155  4.2739 -0.5742 -3.7158
 8.5  1.9148 -1.2268  4.9867  1.8451
 9.0 -3.5322 -6.6738  10.2276  7.0860
 9.5 -8.2627 -11.4043  14.5107  11.3691
